0
44
392
2
45
392
0.064376
0.145845
0.100355
0.051591
-0.021832
0.050679
-0.02675
0.027695
0.047518
0.008421
-0.040062
-0.067916
0.011681
0.048033
-0.011038
-0.027091
-0.004318
-0.035314
-0.015373
-0.00471
0.043047
0.041626
-0.045563
0.055133
-0.044235
-0.018962
0.084191
-0.018793
-0.019918
0.008297
-0.028926
0.047058
0.023303
-0.019258
-0.010579
0.0307
-0.002834
0.029899
0.036997
0.047422
-0.008827
-0.110983
0.051766
0.015854
-0.045082
-0.030385
-0.089578
-0.03099
-0.002683
-0.021004
-0.003036
-0.03359
0.081046
0.017784
0.007352
0.022194
-0.017916
0.06763
0.111056
0.039121
-0.057976
-0.012675
-0.028976
0.003673
0.065718
-0.050797
0.067154
0.075217
0.071709
-0.05029
0.042895
0.130688
0.017187
0.002714
0.080457
0.031687
0.069387
0.037706
0.01567
-0.003465
0.095601
-0.014441
-0.01652
-0.049061
0.03458
-0.002781
0.001873
0.038967
-0.025616
0.033169
0.001269
-0.059893
-0.093769
0.065077
0.005413
0.025594
0.011647
-0.0823
-0.019394
-0.015468
-0.057938
0.000566
0.070508
0.045237
-0.036315
-0.034489
-0.028912
-0.025399
0.067666
-0.062966
-0.041635
-0.014545
-0.005667
-0.014792
-0.003717
-0.000858
0.232236
0.271632
0.17732
0.125339
0.102848
0.07161
0.101236
0.092781
-0.04314
0.050117
0.07022
0.114417
0.028874
0.038275
0.01046
0.003624
-0.027743
0.086344
0.034136
0.092137
-0.052828
0.140862
-0.061392
0.067921
0.105689
-0.040593
-0.024405
0.086702
0.011507
0.055722
0.079977
0.067521
-0.015293
0.046999
0.032537
0.024678
0.05556
0.029572
-0.048652
0.085544
-0.002899
-0.063636
-0.014589
0.090791
-0.003523
-0.042572
0.005999
-0.091499
0.055695
-0.079054
0.023269
0.05054
-0.080819
0.086687
-0.085016
0.009884
0.064176
-0.038605
0.090485
-0.090049
0.047945
-0.067518
0.041416
0.000865
0.003613
0.021565
0.072632
0.02715
0.050981
-0.051163
0.030519
0.067667
0.02673
-0.061611
0.050648
0.090423
-0.065122
0.072667
0.022677
0.112126
0.029851
0.068602
0.096239
0.047404
0.089414
0.001297
0.05989
0.078602
0.135798
0.106484
-0.030399
0.066254
0.051032
-0.007702
-0.009032
-0.030231
0.072873
0.002152
-0.057251
0.086414
-0.030182
-0.00094
0.01603
0.060711
0.043564
0.007566
0.01209
-0.004879
-0.090699
-0.066406
-0.059152
-0.039939
-0.009767
0.029637
0.026764
0.024623
-0.038241
-0.013881
-0.014019
-0.027479
0.002852
0.008355
-0.111051
0.051042
-0.031106
0.019842
0.016374
0.084752
0.030919
0.129905
0.04809
0.111379
0.044004
0.003625
0.101842
0.063687
0.111969
0.10606
0.001076
0.117297
0.0291
0.080887
0.106794
-0.016429
0.125413
0.065029
0.012662
0.050953
0.092679
-0.049172
0.018269
-0.013121
0.043807
-0.04317
0.022382
0.032295
0.024187
0.035526
0.062182
-0.007681
0.081968
0.075583
-0.000824
0.007869
-0.024875
0.094494
0.024081
0.071376
0.013772
-0.020628
-0.020018
0.10441
-0.054076
-0.055436
0.004038
0.067672
-0.084326
-0.034322
-0.132417
-0.028332
-0.022596
-0.04913
-0.005753
-0.026428
0.017801
-0.050791
0.067245
0.040313
0.086956
0.060791
0.069153
-0.048746
0.048069
-0.00104
0.011027
0.015921
0.065242
0.050073
-0.006964
0.079545
0.087601
0.099228
0.059697
0.134507
0.079677
0.001884
0.033254
0.151828
0.116437
0.080483
0.029933
0.059189
0.053709
0.025553
0.021356
0.028104
0.000433
-1.9e-05
0.005882
0.010466
-0.044961
0.117842
-0.028421
0.005196
-0.003311
0.074356
0.037405
0.048627
-0.009836
0.07391
0.017371
0.036714
0.027329
0.015425
0.04075
0.034764
0.025343
0.081125
-0.025832
0.045071
0.009975
0.061424
0.005214
-0.05246
-0.032402
0.068415
-0.014749
0.11118
-0.090074
0.027401
0.034739
0.054714
0.00405
0.034313
-0.021663
-0.004803
1.6542
1.24561
-5.62579
0.016358
-5.58851
-0.054388
-5.96243
-0.051638
-7.71584
1.16013
-0.042253
-0.807878
0.838493
0.09502
-3.80175
0.595961
-0.030508
0.382404
-0.315138
-0.240581
