0.6360016125474884
0.6277879783457995
0.62091722888152
0.6179950386036621
0.6203866380378722
0.6208294900722839
0.611282322238721
0.6089594349482732
0.606713315131051
0.6069260414377152
0.6145706056167014
0.6025524322607164
0.6008489847921333
0.6018128040741184
0.6066374398322392
0.596929537855916
0.5960685931557307
0.5938860681574121
0.6003226389595105
0.5977587608121697
0.5947385911338289
0.5894351039370275
0.5964268489588376
0.6102676022709547
0.5947642929646442
0.5889966256224105
0.5864660997882397
0.5882740343560086
0.5840646550133407
0.5824715628739568
0.5806293356910663
0.5819811596384715
0.5790042888458861
0.5828161056721551
0.579177167075336
0.5793282675544865
0.5756705003444101
0.5743441975479352
0.6034155246937077
0.5761885582243843
0.5743001316064024
0.573826886922094
0.5744732699622133
0.5740461607594358
0.5720198424261664
0.5686797561531414
0.5711780544627287
0.5673717571028202
0.570975088298206
0.5684191698862585
0.566027165031243
0.5656535425775855
0.564531683702413
0.5649210054535987
0.5633531174309889
0.5618544951496071
0.5698493021891867
0.5680205570404004
0.5731628991122408
0.564443047195267
0.5597541287731359
0.5588722363668107
0.5585708014169354
0.5580294090444529
0.5656951281028023
0.557954391555793
0.556622024089507
0.5579587132020419
0.5594521951639025
0.5794701709202882
0.5549452556985749
0.5608620582689899
0.5517988701039608
0.5638496826757998
0.551069105213318
0.550943753289748
0.5498858588046642
0.5567895563770439
0.5588921683803831
0.5478912450406512
0.5761301670951757
0.547509130792662
0.5473815408868559
0.545623757509558
0.5447419180595509
0.5472258401307413
0.544165500115143
0.545757028041827
0.542305319865755
0.5725130387437511
0.543134240016669
0.5419281215620108
0.5513176992933233
0.5406663111519571
0.5416669810285931
0.5394655671359376
0.5388199777654601
0.5409232136217381
0.5414501451683605
0.5606992854986786
0.5561604401500475
0.5363854805056445
0.5347252566002471
0.5363675460370408
0.534013142254859
0.5324753765444796
0.5324882988831684
0.532554002738018
0.5548767990168437
0.5402669787621386
0.5312102456927011
0.5542328233941897
0.5395575711034056
0.5380907452962063
0.5290381424691337
0.5317289676739243
0.5303690590557189
0.5348008453019937
0.5285401427606581
0.5244572161662177
0.5544724319429024
0.534142157994952
0.5275341818018449
0.5323999039111267
0.5350027696873085
0.5230906287800532
0.5241938522347185
0.5265814855906619
0.5341872612425119
0.5345876786539204
0.5232055077302812
0.5206740009626664
0.5205160191994497
0.5194843179105443
0.5195037297739293
0.5355971085872205
0.5183590636369246
0.5284990020472343
0.5203241351692771
0.5143435802997688
0.5140881494766182
0.5118996070019527
0.5254448581154006
0.5237277049984187
0.5166356379059216
0.52953610290446
0.5109402068629707
0.5504941499481594
0.5520910753941523
0.5513393042097957
0.5113442692060292
0.5166273291655215
0.5196458326624631
0.5083345457975895
0.5759414052549413
0.5053881087352399
0.5083911593528679
0.5114149849133488
0.5024817712121029
0.5081030741410022
0.5005758557078179
0.5052372040324022
0.5067304903805704
0.49988199932067384
0.4985643133963203
0.49897773229672876
0.5248906439853797
0.5012631940874901
0.5030234413166181
0.5339611328949876
0.498030760026643
0.5004630221425717
0.4962358585592216
0.5157038717103214
0.4925912912735433
0.5037702706159101
0.5184808314384053
0.5045622558824655
0.4901025905321787
0.4908508315367476
0.48918237223106814
0.49019923109501606
0.49011704158765235
0.5070208730316464
0.4939633879322646
0.492552371008412
0.49003955824692114
0.49473190846553194
0.490441894880819
0.48662221517755533
0.48385827860811226
0.49001386862313767
0.49023296099087144
0.4818742549123816
0.48455251139047345
0.4805966390529394
0.4805934990602643
0.4834592008971031
0.499038781611679
0.4810870833140187
0.47891994065055987
0.5087762845640054
0.49854199298331103
0.4789046637024821
0.4983560133833707
0.4802550645557801
0.475062480107416
0.480117970068865
0.4795951509260158
0.47720600028610916
0.4776736515103843
0.47797679661467796
0.4715617341778681
0.4927155668976427
0.47235689402782627
0.4712440018214639
0.4925871833134639
0.4839552100597734
0.46945129622616116
0.502643458757462
0.4704405730132874
0.4803302838570476
0.466162654487278
0.4689873630857185
0.4680858412655258
0.4802583998838885
0.4655498792860594
0.4697687798185895
0.46771130844355074
0.4631181421787775
0.47304973565181535
0.4932190852798951
0.4655325799039571
0.46161150085059555
0.4637318938890031
0.4620186435790285
0.4669413749449901
0.4616252687408333
0.45890076135104596
0.46783032643829076
0.4573817636712049
0.46230962350534033
0.46045373401037193
0.5116658468307604
0.4919113368607239
0.520110916324669
0.4687790239387253
0.4550855352904952
0.459437028467953
0.4586346775949186
0.4568264621114919
0.4514377720237564
0.4523986999211462
0.4515665345337742
0.47993896385845525
0.44947556064273436
0.4570272465644269
0.4551862223884026
0.44763648506310294
0.447270628654184
0.4492839093953615
0.4473008066382905
0.45784053019045223
0.4448739826182926
0.44684783421551666
0.47292962651180864
0.46808057244560036
0.45778020374133
0.49495025366922013
0.4510136139464113
0.4505852761870933
0.4448729542046427
0.46600224751164626
0.44355460533577223
0.4422770077890762
0.43922907487535595
0.45819877893356986
0.44458106240187933
0.45266601423596897
0.48132285996570867
0.4378146605983914
0.44326299861114143
0.45486152864019824
0.47377100492285124
0.43612124721750056
0.44212514364815897
0.43957045205827716
0.49714247133984246
0.45770963597248837
0.48788537261057197
0.515717416995848
0.5492118928590296
0.45064207260666045
0.4375699257232864
0.4489257217096731
0.4352124154123069
0.43225317180995393
0.43127893737403433
0.4491738499683947
0.428126751187761
0.4333564332274507
0.5294186193663375
0.4308624403609415
0.4962139623155662
0.42601977651011386
0.4575491491106666
0.45740867056024215
0.4241885849651384
0.45492162508438516
0.4239331082205654
0.42740568831747144
0.4379398754348729
0.42193957630177303
0.442708591063597
0.4778090883249141
0.44883143303754097
0.4269867824932052
0.4249717130737882
0.502035444883922
0.4565276656547373
0.4180787340771697
0.49194638940299323
0.4529759134277486
0.4300810815095341
0.42255541878143643
0.42340578007501795
0.41743889535503526
0.41587596995227394
0.4152004725422676
0.4134497735511332
0.42874402512546345
0.4135246512834504
0.45153940284472677
0.414176432199582
0.47990699271412884
0.4145384130910061
0.4219973043028162
0.43303509589913614
0.41332006218467576
0.4123610840737722
0.4535867209893109
0.4089296167016567
0.41861905255400855
0.4634378056691635
0.40651127985827834
0.420488615761744
0.41172343594223804
0.4495470472529197
0.407922703437535
0.4062134130319521
0.4092349601582295
0.4078849824947515
0.4081012049653889
0.4542998583524606
0.402240286196147
0.4282835999979645
0.40823071253019333
0.40070795102140766
0.4007235466658419
0.4523250024957639
0.4065168493081493
0.4134344074098993
0.39944031392334756
0.39918988169669456
0.4041601003263446
0.4152407940940205
0.41261572993523754
0.40153670821521886
0.4019758960161
0.40976510842217023
0.39770440384009237
0.39979344875585876
0.39874102140400636
0.3939698785611462
0.42104171642513755
0.3937884929879287
0.399161208116155
0.4203793447368379
0.3944465157140198
0.3991030875133754
0.4092524526467501
0.39095225187739263
0.3975475942303802
0.40136385009940634
0.423693993694409
0.38990903818104655
0.39892320902203
0.41253272307009536
0.4154264991198481
0.39891291369454474
0.45925222273856053
0.389618879482709
0.38661090328134856
0.4090102023674049
0.4321116651271916
0.3924702545268197
0.39959882276832903
0.3890118995516048
0.39121542160324785
0.38391350823416026
0.40846080028616977
0.41211729474214925
0.38390363074128286
0.41636832062471013
0.3979721284890669
0.3815725146167476
0.419159082449169
0.4114696132949188
0.38383980513988486
0.3976496542280757
0.37963937297011074
0.39128180188901346
0.37870373859325107
0.3797858849121599
0.3795258015217293
0.494042340424812
0.3808524106331173
0.3865351785222623
0.4484202980577547
0.390075795666451
0.4110341007386409
0.38679512883478817
0.3764420879291684
0.3776857690520046
0.3769756427988648
0.39005889343907185
0.40300513961630374
0.3753595921930096
0.3866557996163205
0.3925974172470881
0.375048326376869
0.3825741130644722
0.39014828279666486
0.37460624653107066
0.401147453432583
0.3712394543309579
0.4320517679586027
0.37433981899134916
0.38413795942680684
0.38962344465623483
0.3702574596017037
0.43055421850532455
0.37615222745797716
0.37856390303199844
0.3784937265794371
0.3925191028796905
0.3694683678367521
0.37790970135793633
0.3674044298158893
0.36731716255151803
0.4302459626253693
0.36712346656873257
0.4049214502171986
0.3664359839662813
0.3670298703608097
0.38479738478347997
0.3650657377166414
0.37265242238633095
0.3700509579249361
0.3737025457839926
0.3632421963487158
0.38320763833009375
0.37162385823070687
0.3637215300189442
0.379219342290806
0.3633252807768531
0.3598659536514481
0.376576849892824
0.3852977758261688
0.36236038072794025
0.362882206268329
0.36675135982097795
0.4145127895872937
0.3817755466189273
0.3586621887061584
0.3586597751512268
0.3562711604078463
0.3569520906690691
0.3818178610887035
0.35635699382413616
0.3967825186510537
0.4639048157575908
0.3667885018413287
0.35413694521689276
0.37289738934302774
0.353113795595764
0.35678427536756896
0.36706516107452375
0.3532507019257346
0.3618362879336619
0.3585318741383272
0.35302218418383813
0.4176382691424956
0.35289494668646243
0.35415687528827877
0.35050453542624554
0.35055471632530466
0.36086566393943087
0.3494930130860754
0.35203319512289905
0.35389736748996686
0.3578797481809808
0.34802229935889323
0.3495847680000632
0.3474907928473523
0.3828026518237742
0.37265200625248446
0.35559661708810114
0.3651978483141251
0.3657703323871983
0.35503180668735745
0.3644708366579736
0.34682543804288335
0.34493417984063657
0.4595267683057935
0.3619644375828433
0.38629312972630264
0.34425912886209803
0.3689076441896567
0.34479678042470596
0.3554992737995512
0.38235935987891756
0.3525620066081753
0.3420627264459085
0.3474442506418171
0.3420617677161244
0.39482962079656647
0.36316456285757165
0.34473766942217987
0.34407221652938524
0.3394038723375617
0.35538562618012187
0.33991265263769066
0.3382438016326669
0.3374437966228234
0.3707117896299936
0.3374497516042432
0.3425756825374391
0.33842118623661116
0.33765445166946795
0.33851691189882194
0.42779177232452803
0.3667279176651731
0.3366623296082233
0.5213918619210558
0.3381111028393279
0.3369949327407801
0.3344585330284957
0.3402842499061139
0.3847052264787209
0.3401162533913894
0.33275891264732926
0.33807556327200106
0.346023238885754
0.38033010542604195
0.42116419925827925
0.33199335145564557
0.3330111775217136
0.3378399522159583
0.33003263522912535
0.33353041234057546
0.33045301145886313
0.3329831271385854
0.3416406290966508
0.3294042326840534
0.32978644417311503
0.3431280996855013
0.327633613853813
0.3269983427930849
0.32743776239532363
0.3271048259902552
0.33932860172507306
0.36058986156461653
0.3389587914956318
0.3310943508744494
0.33747058784580214
0.35113971970108787
0.3257175797679826
0.34735735290137354
0.32514833188578035
0.3902391901614856
0.35015383624442614
0.3300355278348867
0.4373102720456098
0.3254077975942215
0.37291198418190996
0.32279753989348287
0.3267272785898475
0.3243759048463677
0.32773290388444754
0.38323705891661614
0.33800730794099476
0.3311427550394368
0.32329031233658834
0.3306544207881047
0.3227412504230796
0.33056608560781814
0.3264300833118465
0.33319577697494385
0.3206400548828813
0.3453548228618371
0.3303935057239447
0.33152979755503315
0.31832738835075225
0.32068155306009
0.31970768532646865
0.31999872670462354
0.3426891077180886
0.31919022186667967
0.40923454717094787
0.3179037807229347
0.3193874082313874
0.3270317588029495
0.36236611381587386
0.3144668639391374
0.3383828360746536
0.31538047047477386
0.3882637381129021
0.3226728024830853
0.3165435743888626
0.313091251950593
0.33438735010348886
0.3631867285230359
0.38402784583559946
0.3232382876136799
0.3250737153632433
0.31411872323804896
0.32250622140470364
0.3135599636032347
0.31147380008638614
0.3108653253601257
0.31459637677487645
0.31058299656683475
0.3101268122209776
0.31383917770013026
0.3114722531409317
0.3161502731364439
0.3733156876398729
0.30776227926939986
0.31179939771874143
0.3170119853738203
0.31128263213442303
0.41307816227300087
0.3096713896832922
0.311634307288407
0.30998490314445004
0.3098783345320884
0.30789099097574396
0.311521479933527
0.33940803024768645
0.3057983449027729
0.32351018322373526
0.31437410376962716
0.3050673724522747
0.3046348591058523
0.31492187049182635
0.3051194797270913
0.34868750205435817
0.3216990595736568
0.3047490290770539
0.3091238096825965
0.33165165641778926
0.3021017945586637
0.3045020364877279
0.3024836302896588
0.39337693110366473
0.3138270325243134
0.3042661343199325
0.3056337403269242
0.35105177382925956
0.2997071001833531
0.3692474443829393
0.29969992044284627
0.4242315058322773
0.3033298045264836
0.3127600180483194
0.30985523126432607
0.31405445783438657
0.3691927757708857
0.3005915103392651
0.31242951694825843
0.30165541606936774
0.31765359540978566
0.32265233088576795
0.30251079989360957
0.34023525115376857
0.2963609352110012
0.29914557491319976
0.34321168837938887
0.3005480143975674
0.29760078402065177
0.31292087065947544
0.29652926638522215
0.2941102586048606
0.29551590605776235
0.2945252684541269
0.3311218390763518
0.3064173207336047
0.30796635154315777
0.3019758516763134
0.29367940064879844
0.29250093095955076
0.29342363911904484
0.2965836341993948
0.30760861099113623
0.29692120788761445
0.2941236245733757
0.32976336041195287
0.2953894492730763
0.3049098729978659
0.2908120222697973
0.2925130326696783
0.3097970129396608
0.29061160676617137
0.28990706940462235
0.29524794168051793
0.29108756998790325
0.2889570740611003
0.3655291991092017
0.37581052085750316
0.2937904637765519
0.2939903271553596
0.2900807881543682
0.29139337719528813
0.32294950708152315
0.2901204263905169
0.287477145945165
0.33002823108442014
0.309832339729669
0.31970761154946215
0.2865590001806098
0.28846061124387185
0.29329058742626385
0.28576708884826624
0.35269162893891
0.29682888317541606
0.2873699706826487
0.2872960624633935
0.285946177884092
0.2870510597277575
0.28554656250352584
0.28327880320734605
0.28298133740911274
0.2853631399782238
0.28253948221646935
0.29761043603848236
0.30458119904473474
0.308650650019077
0.2983510043061956
0.28198972639059283
0.2906804256281381
0.31968624839347487
0.2885689761518265
0.2831826510406331
0.28011091797483123
0.32145677317781873
0.2812900399400899
0.3190102322042411
0.298525939212624
0.3042413602593277
0.2998163532981668
0.2824739558529519
0.2881258168671435
0.280612922414284
0.27762888226967763
0.28001885683417127
0.27963777075926555
0.27786704534715173
0.2768442295819924
0.303454295566349
0.2834588147259367
0.2798386427221905
0.2764559258954988
0.2776335380183313
0.2763581420861227
0.27493618983007484
0.2765429625090398
0.29226762198702516
0.31708488298626564
0.2748664877627055
0.2774829135711078
0.2835418064532498
0.31169159448024736
0.3351459315950598
0.27497090139208785
0.29026252194260543
0.29331423239887017
0.27540528304989104
0.273683956235017
0.2731049456482776
0.27852727729653093
0.2718006955354955
0.288600414755235
0.29961494110690245
0.29823371012131344
0.2710419421640688
0.27095535450331076
0.28017451760678724
0.2751951962842886
0.2760413495339052
0.31223356757353715
0.2710115287780267
0.33044164673012166
0.3964080722677373
0.27328794976076637
0.27209220146020335
0.27231896866944744
0.29178345844111897
0.27029615332187246
0.3461605003655064
0.2776144150269991
0.26799086876218436
0.2727737092933898
0.2674624424061533
0.2672413474276093
0.276301027227673
0.30658032537903407
0.3010321176148556
0.2797418405284157
0.27193053389858324
0.26587181220213013
0.2714642053733103
0.2737438575272103
0.2855029322807913
0.38222011448140353
0.28893085202794483
0.2678706412339154
0.2650913446339546
0.26981582355769806
0.2697872391384716
0.3089808451140532
0.26851796072074335
0.2712825467077875
0.2850116043655239
0.2637230739774162
0.2664100949387361
0.2853912849525405
0.26757500857722233
0.30659076825296455
0.26354814951934896
0.28951503358313785
0.2618820186949304
0.26545881560552226
0.2643744034006861
0.2692012767020527
0.2883761435411221
0.260987851046215
0.27166517182133537
0.26185522195457733
0.2600597777764782
0.2699095667738499
0.25965502088370734
0.27009393883545735
0.2655253702073921
0.27563838819487374
0.2601726863729469
0.25933449186068264
0.26305614642330283
0.26323336162639505
0.2733311915851371
0.3262057214591619
0.25734641993321916
0.25780120442612103
0.25715973608922443
0.2590869012641407
0.25937712747763814
0.27210072892334186
0.26156688682335844
0.26246312352559253
0.2565596500808434
0.25975635393606017
0.27431434766974855
0.2601798109453774
0.2811589031052866
0.2670704755886987
0.29838560606132836
0.26223512361252327
0.2590315501136409
0.25459629945487433
0.2622205934664612
0.25683051878281554
0.2554311763527785
0.2532860127392061
0.2529847862948727
0.2529318934539759
0.2552211016683473
0.27476263386675687
0.2750026522446141
0.25741867099747956
0.2665059965586289
0.29376508059966844
0.25600387453062134
0.2516081444983448
0.33407269814827323
0.3196164310385538
0.2609139443155406
0.27283029761918187
0.277066818230737
0.25737204867847735
0.2618807739163795
0.2567555579674081
0.2645566844067228
0.27926784954159484
0.2862634039192233
0.2566952290967552
0.2626159251908371
0.2554486261123358
0.25755345002049423
0.274979760811014
0.2545490752370532
0.32299486047350784
0.25960787577518674
0.2763825963919664
0.25727023319492287
0.26129686067706764
0.2608137854870877
0.26064535607440115
0.25375029784480196
0.2534453107759818
0.25352438554663476
0.2739575633310953
0.25557555086753087
0.25809956897003605
0.2527479607726212
0.25113413403844004
0.2525393772788091
0.2863879468371177
0.2502857166940477
0.30633965086176057
0.2522354230655
0.2504709825600261
0.2509807234088296
0.25222028600796076
0.2521433850330023
0.250244797845672
0.24625243730449942
0.2479235890166365
0.255055857779956
0.24886381955192144
0.24978762303752622
0.25015630150891677
0.3576631898482578
0.24714431659319164
0.24859698937658453
0.2456522650185338
0.2448270813684302
0.27314371150074024
0.2480026300978622
0.27469127453093944
0.24658202086016742
0.24263075373096565
0.2497705876215912
0.2851930213812421
0.24962306272716453
0.25801062612363546
0.24549685749944755
0.2584167013690681
0.24554942589023904
0.24828994758966422
0.2532451034144235
0.2615945752717259
0.2435552555818894
0.24371937504412308
0.2929676076337113
0.24371895020506237
0.24839299498407236
0.2436674597752412
0.24707867519057755
0.267223757095039
0.24455125185326215
0.24513511071608454
0.24273588252284978
0.2421626011739922
0.24860845655696498
0.241338044574175
0.2627319352210208
0.26178304746769304
0.2459530875027767
0.2406603949702328
0.2607567480232176
0.24454578313747366
0.23938164374747253
0.24488153230807871
0.24103406744812036
0.23880357342137915
0.24908329588389672
0.2399281272789947
0.24177601510842164
0.23842755154766523
0.2462909297220218
0.2441046601822368
0.2570976545084407
0.2471598808866419
0.2832161237776201
0.23762235476140248
0.24100667721520252
0.23667249612144342
0.23928695464911648
0.23619002282982995
0.24062694406094104
0.23630241945881747
0.238215721483617
0.24191116550400443
0.2357678946312631
0.23553632733505292
0.25685230970701417
0.24115679885652525
0.2763577524948606
0.2662334650156898
0.27570770006462003
0.25122526413037777
0.24340548708940618
0.250435895918745
0.24171895417383576
0.2366500163733318
0.24740057945953117
0.27227954676851635
0.2370185598805409
0.23409637281719595
0.23615240724905448
0.23339595786883624
0.23815571730642976
0.2618376969324937
0.27259387896977244
0.23376374806344094
0.2306302254330821
0.23051261371535509
0.23736646236703401
0.22996321801710806
0.22952447840868853
0.2301595028289082
0.2411976282576658
0.24157697884892487
0.22912595546653938
0.2930834433147791
0.23052491051261415
0.2302654017806025
0.229802280257583
0.2278048165409861
0.27825307975409136
0.26205749091044694
0.24260743372068003
0.22739109709209768
0.23959224833732864
0.2650384202083755
0.2280207495027827
0.2424852127997526
0.23054580303597821
0.22633334344739764
0.24006024707105836
0.230526192252062
0.228757403238982
0.2274145707342973
0.22588873488793645
0.23141268653139702
0.23837119909948587
0.24194303042841867
0.2286547632083975
0.2272178920011322
0.22522767430240004
0.23302334209598236
0.32735046349807734
0.23102786035436715
0.2403874788139812
0.23337111310394756
0.23134606511371905
0.22542019476207426
0.2288699568639642
0.2274019117713932
0.22472992944842032
0.22497151434400298
0.2257679664899559
0.22227768922102567
0.2516661096772084
0.22499802336170532
0.22197240445806793
0.22298278097224458
0.22847648285454458
0.22357992213868902
0.23268553118121746
0.22286858588731578
0.24452978479772083
0.2429678922281692
0.22117007355819188
0.22110548079397488
0.2566366217214968
0.3007772616338976
0.220571041666902
0.2267284591393444
0.21967388754319028
0.2383634442316152
0.3193190533728985
0.2293713007852567
0.2189631506708413
0.23810560893369706
0.2251242217669733
0.22015871630757589
0.22005118489405817
0.2191693417198189
0.22139842037008967
0.3325092786135381
0.21909270170772643
0.21842305797950498
0.21883529374621913
0.2194328192972675
0.23151558919912138
0.23180370004093162
0.2218809664529306
0.3259430127642581
0.22053394799020642
0.22021401540972294
0.24186200519969592
0.28916911215336794
0.2246878365507497
0.2185195735816592
0.22018080140712104
0.22114921476210003
0.21717710801632936
0.2229093140549883
0.22144285526543475
0.23313645055893054
0.21648501996497113
0.22454179167746524
0.21505810990675392
0.21766736133233816
0.21613743008174977
0.22100814589911433
0.22064751227123755
0.21426380761792344
0.2274274247500212
0.2530677467641934
0.2451245531583323
0.21530205685926848
0.22161469909317214
0.2188530386841287
0.22044525960057273
0.21370991923952118
0.21288730387405824
0.21280420281934162
0.22506080106371845
0.21475310778411688
0.21249741659462268
0.25225412600918407
0.2559944336680961
0.21234583841762983
0.22146510129949426
0.21196939743484985
0.21232915566060842
0.21717611181443985
0.2114004494764072
0.21139771069985971
0.2122574243668418
0.21191609004617604
0.21637227637857692
0.21495781015508586
0.347154137705696
0.23045873955928423
0.23631848918781378
0.212901989794838
0.22089613820192655
0.210663074617749
0.220533459340474
0.21185359744380053
0.24475058863835805
0.2109860714417235
0.20885446894958298
0.21577651394592787
0.20924364533860637
0.21849775689543333
0.20945381841070632
0.20806786921532686
0.21728947446107827
0.20942495632215444
0.2085251819313866
0.21966306208309727
0.20874573901422067
0.21952203652171431
0.22090509395753005
0.21027577433965322
0.24089702371906319
0.2133123978311674
0.21858696399687164
0.21301324031787391
0.2307210460917953
0.21391572743610623
0.21252789699968744
0.21484076288873682
0.21860677909283696
0.20597035545786993
0.20560991270988466
0.22371488053099262
0.2095826958090447
0.21350402664237036
0.23602992099290943
0.20759071761721898
0.20501006793777254
0.20544315646520603
0.20592910832204797
0.20479139190218057
0.26249023875200467
0.20628236939830757
0.20621412626465824
0.3644144744934692
0.3649832035059551
0.21773961931794336
0.21226096292029453
0.21150388427707276
0.20729134916702605
0.20552163150946082
0.20577015872255505
0.20797123964584066
0.20446445555008955
0.20365427855071166
0.20446477761076456
0.21617392567444296
0.20630505329454288
0.20311888648582907
0.20407351883820335
0.20464990119817272
0.2253474370099155
0.21837490188338202
0.2272154344462067
0.20164684965541518
0.297448781992555
0.22624816814845267
0.22659509139090303
0.20151097693441686
0.2020004554616418
0.21424115280130424
0.20805666565493944
0.20058682376540213
0.2058431727589119
0.2026627695161451
0.20478426553246892
0.23570611132702735
0.2033374400605897
0.20008216673716883
0.20436395976536106
0.2023109811393706
0.20633181007226353
0.20152144943402708
0.1994086947617912
0.21077931397023397
0.19893653166971048
0.19917189541460462
0.26781903133228824
0.2122184921006453
0.1988132198296502
0.1999411356561145
0.19898724569676238
0.19820629902567946
0.1986544275529243
0.20822174929498866
0.2044227099671146
0.2131666142262152
0.19732237283497925
0.2000081428954649
0.22537297463493514
0.19851247866347282
0.20201327245076353
0.21099142495265696
0.20253820033236647
0.20923200386166593
0.19813659287523122
0.19902027621324567
0.19718986193214497
0.19653383278337555
0.19868913504663427
0.2016267774005472
0.19624345695817294
0.19555624138019106
0.19795348760167716
0.19778124074139294
0.20037520760845673
0.1949833292605874
0.1951304033328384
0.2145312739490036
0.20461333339351004
0.19622286282426146
0.19677391396492358
0.22399184584882764
0.19426150792202798
0.20184521385385895
0.19543801791107066
0.2001839039223001
0.20191063131154358
0.1951203096397698
0.2200229407950075
0.21767703994021836
0.1932719198401498
0.19841685744746201
0.19967640020559846
0.19333083729308134
0.1940677363130841
0.20471888234281022
0.1945428528685163
0.19249680409634629
0.19223511455263698
0.19210300567436323
0.19326257433298843
0.19231882878382736
0.19788673826561645
0.19340761655709185
0.19930612545432694
0.19468927970649705
0.1919782471416445
0.19220128632395025
0.19185247626063603
0.1965285096831181
0.19127265803202514
0.19939356412636028
0.24327605367849472
0.19615645127841477
0.19386172473485475
0.2143604125277415
0.1950250162800227
0.2111462037299902
0.19121636656787164
0.1922743199467895
0.20158404653018286
0.1906655579604178
0.2023629866296607
0.20549219952758513
0.1944206049114752
0.19444269997685754
0.20462831369249146
0.19139989886571565
0.1946221572791983
0.19700487581473447
0.1922243549716364
0.1961572221889652
0.22789886032754667
0.19423923391818024
0.19367923241806786
0.19125442027371647
0.20488984296457555
0.18919771299177077
0.18889944443406845
0.1884078052731053
0.1904975367142474
0.1885477249018467
0.23599555719472604
0.1966161014174986
0.18715861980308984
0.18700663551618943
0.18742097200367736
0.18709554765162872
0.1870360548842571
0.19890690643620348
0.22341350246925487
0.18675381660991777
0.18766911181657042
0.186799426481501
0.19467285759908037
0.22257307629309567
0.19364057271693066
0.18918786956139685
0.18893130412873543
0.20102190481252863
0.18981014343469885
0.19096813702770588
0.19048500081113617
0.18545900505970025
0.19415786948773234
0.18560902019338113
0.18761323900517213
0.18521861251478558
0.18779321564719176
0.19205771646648345
0.19073837205200625
0.18488013617120103
0.2706609834456648
0.18494313384361655
0.18670741353451187
0.18384138615364157
0.1845205839702494
0.19243105893941706
0.18765668183409867
0.18491659234961327
0.18522898335581267
0.18300544969620194
0.18367543133515468
0.18257310465201493
0.18408639112116
0.18233999418475735
0.1877920702400924
0.18900870665083344
0.18659274401427844
0.1868451829276422
0.1895079748025321
0.1953318770539689
0.18952422726043797
0.18390985900781728
0.18725271079523917
0.22315404425075963
0.18167971287331752
0.2140472738147788
0.18318331098496707
0.1815000946146943
0.1911729054092497
0.18284083716781993
0.18077844754755618
0.18186825960741929
0.18175161394253864
0.1807174079004959
0.18113531744716416
0.18024250740500497
0.1807205000492866
0.18058015367194177
0.1818399648018204
0.18146488147993764
0.17961351784331298
0.1848008617088289
0.18409500414760066
0.1804878391455464
0.18023641624276163
0.18291479559385074
0.18157022725257718
0.18120862480071787
0.17885673108752853
0.17965627295654102
0.1789494339942855
0.1943075646718141
0.18597854489401147
0.18385371762172079
0.18530416295385674
0.17980614632662725
0.18043044314442347
0.18608862694760922
0.19317481098741035
0.17876982781171444
0.17836627829089158
0.17802001868355205
0.178938497619063
0.179244253692673
0.18455572980869142
0.18490679750659347
0.1840652254685964
0.1773011767568856
0.17734915039684315
0.17690210681211488
0.17806967728617767
0.1767614745678532
0.17890235283495676
0.22334512497655706
0.1765570088789676
0.17633825616484605
0.176171069360731
0.17611836012031754
0.17689536417336446
0.176378669731483
0.4871806053652475
0.18392900417413652
0.18699704505588505
0.17710189142546662
0.22129589883816772
0.17888542995944767
0.19365889365799635
0.17871767795308366
0.19932504663105338
0.17520049321805928
0.17508269249874697
0.17497284670896193
0.17899687631168423
0.17767031606793748
0.17436580481452676
0.17486991010481392
0.17807878052285767
0.1744373358264554
0.17822776934417503
0.17407995835807702
0.1735917923352605
0.1791828270143285
0.17650637655776813
0.19528209729318585
0.17613208518712956
0.1735791034776884
0.17668651831251747
0.17314479837140243
0.17866226859856543
0.17293093817399652
0.18159814312827594
0.19439724984609033
0.1737418581295704
0.17596395161359338
0.17339165504195048
0.22364234983929082
0.17340250734396956
0.17537850628805737
0.1722548115342532
0.17638408570587694
0.17688691575340082
0.17872129146752355
0.17865628992692512
0.17166391442357232
0.1743452312406037
0.1762003575221559
0.17114114361491972
0.17095210453384937
0.17613403105483025
0.17451914683934452
0.1729828992325898
0.1730753598943833
0.17473514664115491
0.17039956825810917
0.1714713525256449
0.17015602695345283
0.1700435927916488
0.18016035845089365
0.1717079304157297
0.21956790992301473
0.17099318564766228
0.17126644622027754
0.17691236857607406
0.46497776630052884
0.1820362093260503
0.18130658676112663
0.1826399831009705
0.17184762977643483
0.17150711433539878
0.17010650841087926
0.2118369484599406
0.17013122750811352
0.17060962049268746
0.18679149940032372
0.17041377269159505
0.17228650742482712
0.17176322469383035
0.17389665488737524
0.1778963551627529
0.16826256975526616
0.18469504620185326
0.16941788539846558
0.18139450746869704
0.22036136867121964
0.16872760021426253
0.16798366399851022
0.17958918914399896
0.24746056757914087
0.1942004374477025
0.17393759889332877
0.17378274152915266
0.17447719867325207
0.1835549323272951
0.168381633825387
0.16923857213191218
0.16719531784282793
0.18319092549221777
0.17624141273963967
0.17063938173956952
0.17611037474332786
0.16837185491365514
0.1675005861144392
0.16938940759832016
0.1665203757054033
0.16735153836212474
0.1656463047064466
0.16887612590022325
0.17277211545146257
0.165470323667885
0.1688828092373202
0.16728461458383714
0.16672132939561635
0.1649863842726579
0.16535432108665796
0.16846313879952432
0.17170514078710233
0.16641327318453145
0.16463442309915977
0.16560269966992855
0.16780235359598958
0.16857472908604004
0.1668366984443985
0.16437335381873588
0.17009731676511708
0.1640873307530092
0.1651734819545587
0.18288983967028333
0.16388644356650783
0.16479936583531007
0.16593596814425685
0.16339231042832805
0.1831913829649889
0.20418328457994586
0.1706921598066669
0.1638401774194833
0.16515289795479088
0.1635281798162587
0.187785782617049
0.16304505426297605
0.16274421657882696
0.16477335384963399
0.16491359694447258
0.16436527186993236
0.1764555511475657
0.16206045458272386
0.16402564955860593
0.1664946453580451
0.16331940154089108
0.16165137799428328
0.16157827531996274
0.16160884737027806
0.1640781684476168
0.16124561814977578
0.16617941124186836
0.16780925366583607
0.16296683804101186
0.1614059863191182
0.16250842201714688
0.1627096685492856
0.1625503608940383
0.1886755402386264
0.16167832289583703
0.16655583207756108
0.17467823225679452
0.16653516603508275
0.1669999260647167
0.16296619993754127
0.16063914368253882
0.17727142661236348
0.16043341133298988
0.16222791368282435
0.16013520948040694
0.16154872750868662
0.16153964297345538
0.16020927094219822
0.1595341894547066
0.1641587005305854
0.16102264614704914
0.17530188716052686
0.17036688125975832
0.16639911180451447
0.15936505986034102
0.15884415436660893
0.15875359574610304
0.15918454056510378
0.17511493193674182
0.15982422834970383
0.16663648463147313
0.20922011253403244
0.16242343986706387
0.16051997481404826
0.15954808520958114
0.164911237550566
0.16390696417582726
0.16285082370636056
0.15807484407083663
0.1675055104598642
0.15769677859889297
0.16121838487348888
0.1592072854552265
0.16147182995897616
0.16719321643563212
0.15845402106247355
0.16295238677117455
0.15764039380226572
0.15877432804111724
0.17837063034649417
0.16437805633674454
0.16199865710532432
0.15907997694997145
0.15695772577881495
0.16095833119304334
0.15633230735201945
0.15962602871285625
0.15683321053342164
0.1566990304552495
0.16248288725013013
0.15575744038511533
0.16102027327349777
0.15893227641244853
0.16273113970589295
0.15618847629081264
0.16440580516146022
0.1566740820377084
0.15589034113208283
0.1566126525611092
0.15503236110056784
0.15749612146717235
0.1577279842759292
0.1673365933082993
0.1616018003611753
0.15887830884634133
0.1586784824105771
0.16302913184344564
0.15690689698757268
0.15447030216993457
0.16070773974190922
0.15450592921629971
0.15446825934375402
0.16462502828901698
0.16022749119404223
0.15471672076134002
0.15383580904710878
0.15886126420532748
0.15363747651241014
0.15349481348684862
0.17183629892561472
0.15318566028218375
0.1545184120183914
0.15389814310165623
0.15359235949006975
0.15308880274728562
0.15349490096613963
0.17440731548230007
0.24711949905083505
0.155100701248689
0.15371950831466963
0.15289149038019986
0.15289354488965803
0.24275020383264048
0.15854728445978747
0.15415421030830562
0.1706050480039995
0.1541824546989214
0.1717272552658978
0.15764229527609988
0.15183036678168296
0.16684191548430136
0.15237537522578512
0.162000435588658
0.15172827405446884
0.16985344676232939
0.15396439079263322
0.1512620496373744
0.1511400824300492
0.15265339212308043
0.1560086791778868
0.17408154331314463
0.15691969217794272
0.15948435446684042
0.15627421842914133
0.15204723311703106
0.1737935736219841
0.17781837791628866
0.15328802613878836
0.15079026704569823
0.1539166927967996
0.1502603781637471
0.151842661792735
0.15099003188192997
0.15368584942257726
0.15995726099204258
0.1506702032399735
0.14998142279662244
0.15097565273722813
0.14958196587541275
0.16938494225072284
0.15124724031013195
0.15170148178787077
0.14905065840773365
0.15337848426880243
0.15055922969745006
0.1609179324107938
0.15153997539528696
0.15475447373705584
0.14996623171940898
0.14934619007077565
0.15545071376399502
0.16382133121646292
0.15363133056166758
0.14914497305631982
0.15207124583104656
0.149006636340114
0.1539220867878145
0.1494214497635257
0.17738860415554136
0.14785829712590914
0.1494801842715812
0.14766761728757316
0.15582830886284837
0.14755511112405403
0.1478111823801929
0.14921813820421198
0.1473566484925301
0.15278589646486793
0.1506519893657467
0.14705915057580332
0.1519326376871624
0.1530092068203275
0.14857741495570473
0.14662429628647103
0.1511848468578675
0.15248401069478418
0.20951401052537083
0.14855635841692597
0.1476054330915326
0.14836780891837706
0.14773562970847456
0.14648007895172274
0.14687428000956967
0.14635699991864948
0.14861726044643733
0.1558022568040344
0.14672137684255843
0.15647466363968957
0.168082634760351
0.15057950865677525
0.20963759577271715
0.14798085787508705
0.15564680470690703
0.14681974958864716
0.14540164887172574
0.14531972984502986
0.1450482118620542
0.1451232597290051
0.14484365142120478
0.14487310376955212
0.14592952239879267
0.14506413717861003
0.14753727706112707
0.14443311868085315
0.15392644445278839
0.15670994698981094
0.14571383806161103
0.14491422760261008
0.15166350685631258
0.15300801107916134
0.14521033330549607
0.14484253450180168
0.14525184984455233
0.14471756514680859
0.14910490706987256
0.14377502558761324
0.14462361050417039
0.1435334986675311
0.1441258804465137
0.17309759245826958
0.14557055273921746
0.14451131186013352
0.15353774540296847
0.1434338496217553
0.1428674555850769
0.1512603507669215
0.14521654686604374
0.14768533331282213
0.14261205496905643
0.14920578415788055
0.14468930260672475
0.14361760773139692
0.1424803627881915
0.16340629090946696
0.143341356586497
0.17311310647156825
0.1429599564088514
0.1494622502449736
0.1421040146761802
0.1563685006731836
0.1772348658789475
0.1418363498259926
0.14224471226572538
0.16000747748544153
0.14233238105086027
0.1428324869022795
0.14182848717453875
0.14355294540960195
0.14545284633710648
0.14099259414149864
0.14592090867921131
0.14488646309049505
0.15961683433427165
0.15768804145533996
0.14529267888115982
0.14368279517449228
0.14661419285394026
0.14139383720853432
0.14035201444798437
0.14245037267945737
0.14322593278298634
0.14153096499315687
0.14434924335450447
0.1449284288050519
0.14296007898357857
0.14020489851375786
0.14116945991689592
0.14783863652933846
0.13993433447786963
0.14109912398705785
0.14059007299504572
0.14732014383677416
0.14175297427319017
0.14108042360986967
0.14017472990751328
0.1637789820201255
0.13958620679296269
0.14052221007140597
0.1392588101437527
0.13918560985213171
0.14407307604876432
0.18234045998027887
0.1392513814680542
0.14447699503804273
0.14609275114588066
0.1583231212164798
0.15397636285200123
0.14048780398136215
0.13867795859967247
0.1383362073100338
0.14326544362040067
0.13827442860431036
0.1405119317001723
0.13984691153435874
0.13868591461328247
0.1411815949750224
0.13975974762816024
0.13800400641766417
0.14324624459454074
0.1382886855090129
0.13758580920748983
0.137522182106219
0.1382116210250689
0.13804931858225347
0.14116151805075455
0.13778911753406628
0.13929968676825608
0.14030394147396236
0.1549679384650974
0.13713441596112913
0.13706546582294238
0.15250104809245868
0.13671360204903274
0.13848011986971
0.14383871291523512
0.13778780451247918
0.1401778458879064
0.13812176265260068
0.1368606724029205
0.1388974797520414
0.13702813524401578
0.1389678257957772
0.1382106673147439
0.15369939310896905
0.13746179045298199
0.1358767655318186
0.14591855010815738
0.13644895903713522
0.1420926741405888
0.1361641599783151
0.1356045629743199
0.143168891839617
0.13589254858987296
0.14129512766472205
0.13612997969724264
0.1367096526897058
0.14382310803591897
0.13558372830308132
0.13587299619947682
0.13483613657128435
0.13596739879145361
0.15921050354031008
0.14322784173884354
0.14614227287014842
0.13532239377696217
0.15520349100614508
0.1347411850435669
0.13778630933158792
0.13763247857351954
0.13445476196100273
0.13424224365926696
0.13494857192918297
0.1346321006498319
0.13412599441740697
0.13962309836182837
0.13415058498249527
0.1460308397495924
0.14017482132498757
0.1345138148332627
0.13440044799332015
0.13842061154651628
0.1367287152687556
0.13841346876714072
0.13343690944398243
0.13438891779270498
0.13324236826201072
0.1362905106982483
0.13373487332307207
0.13464351026557347
0.13288561982568636
0.13469822180019533
0.13380051809027374
0.13444325164279938
0.1327210924779182
0.13262204466844918
0.13794832369609844
0.13303397882476536
0.1333425983315713
0.13498778104832315
0.13325493497519753
0.13360622816948858
0.13218400077886358
0.1341852590837186
0.13236971474451853
0.13747923555059763
0.13603254287989683
0.13265961504345533
0.14292579449611714
0.13582653424414856
0.13224568741779807
0.13148087278835816
0.13173424525293984
0.13202242211661766
0.1314381010102914
0.13133448715087334
0.1324573154227803
0.13131251663059396
0.13694548251805785
0.13207998892069364
0.13099237218151516
0.13131715700490193
0.13130434335634966
0.13442686002862758
0.14053949417187864
0.13357122459206924
0.1308085832033568
0.13063528914483372
0.1312318578929953
0.14940675360211458
0.14406334866500956
0.13785851545535507
0.1305086647399828
0.13214594478116057
0.13105498364957813
0.13213496647967
0.13864204636014943
0.13587155202132528
0.14009662112852858
0.13151976288471576
0.34871407940425886
0.14264271763525874
0.1404782037840389
0.1432341225477592
0.13642796334305718
0.1334529434814304
0.13156345727145266
0.13109089182053169
0.13163269245883127
0.1313301836177669
0.1334166140398812
0.1304287051373892
0.1300207065780529
0.1302694387185492
0.13588682307400748
0.12947433348869047
0.13190456390134805
0.13161919670525735
0.134885417682609
0.13082927687956242
0.1498244425646381
0.1295579025772926
0.12911049711155165
0.13251093682016626
0.14209873286989977
0.1327070599442994
0.12879085014966668
0.15228513298302637
0.13140913550352296
0.13824951385932535
0.13191820664207288
0.12842563350417996
0.132567332498713
0.12808261834689985
0.13029512028062834
0.1286092270853587
0.12797628080614337
0.136440844665336
0.12819365800488736
0.12838514916971794
0.12880129243013272
0.12759356847323436
0.12927049137004007
0.12739787286248647
0.12704741544251416
0.13380017570141384
0.12847774465631093
0.12834452831509732
0.1270246262676632
0.129996114447692
0.13047443625977093
0.12661260077199496
0.1271799891890488
0.12707233706110957
0.12672691289741786
0.13668801543870274
0.12669609714353547
0.1268868344158012
0.12626217657521355
0.12718693506440104
0.1261135860284151
0.12735935181150165
0.13408170521712687
0.1267123447329561
0.12778536701354476
0.12623311360755166
0.12629567858900945
0.1256663905832249
0.1256796899641093
0.1279143972549503
0.12704431268284447
0.1254914227817863
0.12537020438700244
0.1281100138268482
0.12945021923656336
0.1589355927745468
0.14070029856517222
0.12930886268642458
0.12818265550181127
0.1335634637194802
0.13034286203217954
0.12653018486219383
0.1512585609431743
0.1329121554448894
0.14652507450186808
0.14223843794499386
0.13004820829878455
0.18111844640431923
0.13251524224604797
0.1309669994747428
0.127859542472205
0.127964442635258
0.12811564840661194
0.12659035521226084
0.12714676317514653
0.12904731627634614
0.12747581259828544
0.1261619346155618
0.13189619711413836
0.12627153959311435
0.12802195702666094
0.12612765207938748
0.13145320028389512
0.12593682525021146
0.12696299064829844
0.13269395224074307
0.12558299368245734
0.12633145911984983
0.12528003163647425
0.14055336447430958
0.13840996412379317
0.13274634181073908
0.12623136927951
0.1258407721124843
0.12633169712317724
0.12518359797715725
0.13377454517268156
0.12719656269322907
0.13250302029011932
0.14005958254723383
0.1328853752665011
0.1273522117707462
0.1262921501974082
0.13182560325215012
0.12438856716705253
0.12489736957808249
0.12398568551080807
0.12566463939783168
0.12378383579439846
0.12571956818588914
0.12407163960748872
0.1283966618678187
0.12874023367966037
0.12419478142072732
0.12351393324399831
0.12345278230530428
0.12353731887819375
0.13208885514347984
0.12835218233843643
0.12557033941395138
0.1254141815652545
0.124054510090753
0.12319272217965942
0.12572654928436325
0.12284836817350885
0.12288042451856943
0.1363766506988277
0.12272937982491196
0.1259284048656387
0.1223808157995824
0.1223665598757956
0.12248790516945378
0.1222864811029993
0.1246954657035817
0.12211697892486406
0.12271129514673851
0.12418997550027541
0.13615449558434703
0.13341861451067125
0.13860706693667948
0.1278069288558213
0.12243719191616982
0.12216735426850739
0.12308233596781558
0.12287416752121737
0.13336658263912793
0.12212827352305981
0.132080538091343
0.12275993127169864
0.12363387720747569
0.12368952505110492
0.12398419546152467
0.12131953405940057
0.12402410207786482
0.12188593827890225
0.12137871494755399
0.1650446947815563
0.12093226508303773
0.12072701679599405
0.12229550934725811
0.12236411317605388
0.13121445268576507
0.1231846409879091
0.12367923330301751
0.12480139512896121
0.120359782373815
0.13441543208117238
0.12090223179998173
0.12456618348572918
0.12601347808560695
0.1201168979011551
0.12034794993103255
0.12049839038893792
0.12323849937260185
0.12031531834314485
0.13941153001332965
0.1516890349085914
0.12027803377230628
0.122464970795679
0.12978290836548673
0.12131427756288592
0.12025424983361595
0.11936165554992657
0.1203903649102802
0.12373137789761374
0.12154220692027273
0.12469236691910437
0.13353542968907736
0.1365614794395435
0.1327439015847045
0.1400364752907337
0.1303898047639278
0.1267354679725164
0.12722409251172373
0.1260225153624757
0.12624434654059566
0.12461694195109055
0.12591052852642554
0.12213290050274535
0.12055426618677659
0.11971793110033112
0.11993339744829577
0.11967529504758838
0.11955440489731248
0.11961848477943778
0.11803200741476659
0.12389465927657205
0.12072578509847147
0.12922350333380164
0.12100456825288215
0.11888551043251182
0.11724046272538906
0.12382175717985798
0.11711880321486788
0.117697641155686
0.11685099957378504
0.11686691527139347
0.11662713128517833
0.1164687088914404
0.12142588346940017
0.12036469155966328
0.11642615737258624
0.11741040782043673
0.1164508764155603
0.155176778923135
0.11694331932302916
0.11622140883295992
0.11594048106526186
0.11916525877116547
0.11593755907918747
0.1189563887769053
0.11637758838023367
0.11563867492395517
0.11715576239297763
0.1240484450591557
0.11587720165961796
0.11559144566269924
0.1155904009840223
0.11948096939740752
0.12588019106940504
0.11708380350181455
0.11549066944021777
0.11668309248596158
0.12348642538040236
0.11821780664105355
0.11638585382912454
0.11485246784456678
0.11924520442303345
0.11936222466404176
0.11473966681018419
0.1149093475006919
0.11600063905644752
0.11663677349370694
0.11462815986308118
0.11464652818665404
0.11447784305814265
0.11452099317423933
0.1148438359609113
0.11570545770683448
0.11611811625490513
0.11444378027974622
0.11393291912189774
0.11463392487097206
0.1175002532140232
0.11815560229368131
0.11362554650267764
0.11477010426176977
0.11363847009069217
0.11423474457390147
0.12455978689621088
0.11525399933311309
0.11325603259906801
0.11644875597991734
0.11313363985457707
0.11324821820762548
0.11314947040426643
0.11508412977905785
0.1210857851126137
0.11346138187949097
0.12507519289130295
0.11615389282209977
0.11391616782629478
0.11646116618223624
0.11207332472342725
0.12877722710520434
0.1242854719588107
0.11295661233263264
0.11235647090673678
0.11210763499322854
0.1175845116609684
0.11198701567153425
0.11645489323685958
0.11717711608634719
0.1121541844529409
0.1125372033446608
0.11140220196699532
0.11506090469591157
0.1188732307591651
0.11435449846434667
0.11140673824411565
0.1126179749128352
0.11111326339077546
0.11225069301596258
0.11210893572819462
0.11150262190147811
0.11925392858356927
0.11088568243574949
0.11142277385188218
0.1105572133207117
0.11236963885710823
0.11129397439976782
0.11066702127620698
0.11059897906639632
0.11169533333804459
0.11395648505538519
0.11096672264399683
0.11123779229858848
0.11469696500782359
0.11065074226699548
0.1486637353878934
0.11881957313215206
0.11174289639402386
0.11095771239704633
0.1108811845566571
0.1104446912161892
0.112000778232371
0.11460724886013819
0.11152329184158227
0.11001902898609507
0.12122894063942143
0.11114557547905148
0.11180440595914075
0.110386451640563
0.10928565842798203
0.11081834404672865
0.10991742743780279
0.1092023024523324
0.11058338951636937
0.1113110919751718
0.10979778660064128
0.11224143160098564
0.10889782920384519
0.12029365484309909
0.11076054615343649
0.10867376287807733
0.10962263959392185
0.11222920498882277
0.10943869700230548
0.10864569096710003
0.11047669697458791
0.11255277926197683
0.10868701702542118
0.10835387273244118
0.10867439325366983
0.1100688629225403
0.11109875714081474
0.11841811641910424
0.11057599894591053
0.1080550837842437
0.10792255634736964
0.10877474571379507
0.10795439395651206
0.10922382853301937
0.10888406189802442
0.1514759345525402
0.11649045627795548
0.12150832171772119
0.11191742465407964
0.1083898500892309
0.10844373312189769
0.10836052417722043
0.11211831297764346
0.11102640041565508
0.10817643019565278
0.10766719869032988
0.10906579949844047
0.10753578111932524
0.10837954637013453
0.10736443639221703
0.10843443077485133
0.1077481029959059
0.10826485751097066
0.1069645053947154
0.10717759773687185
0.10675763165701951
0.13039330174332214
0.10760474123828478
0.10712380489048513
0.1072952393347524
0.11107462304192699
0.10657268424494877
0.1089685177270861
0.10899932929558297
0.12217844798771992
0.10892769894152825
0.10734289555767236
0.10952315979099543
0.1169533564892731
0.10743171052872194
0.106367866942854
0.10670751660595507
0.10637029077342423
0.10610371499878642
0.10690943077386536
0.1067581603556915
0.1075180796656801
0.10589079785493447
0.10686932717551875
0.18555539716838781
0.10796776734273068
0.1060669147958791
0.1056250356077474
0.10805443222433965
0.11448989110849264
0.1074055463851958
0.11277168278149155
0.10664392224015005
0.10917347685419407
0.10565846625831385
0.10667409190146182
0.1054210462934416
0.10701371824838019
0.10569927722846996
0.10945228659045722
0.10490765287455299
0.10674092554595
0.10761243614673568
0.10564241668847628
0.10549728602151756
0.11014539900502603
0.10654876855057836
0.10612170502135482
0.10485657065291332
0.1206826207454383
0.1124723446466625
0.10476328084710745
0.10594648504571103
0.10518333659720996
0.10588438055113028
0.10757254958832382
0.10432845362214399
0.10478710092288682
0.15903064711908738
0.11336481515648214
0.11359121518433883
0.10511391196152377
0.10469341318713384
0.10443516173057138
0.10406072090577183
0.10468960294586767
0.10388411097147233
0.11493207086163512
0.10358159444209715
0.10460316654063659
0.1047297751994408
0.10353643245759678
0.10599469005191496
0.10547865811484258
0.10530424823582674
0.10324505790969352
0.10309076351291305
0.10498514139022834
0.10423700144515219
0.10317360840558622
0.10289766050993819
0.12976149951175736
0.10342162060767152
0.10460239020509972
0.10659622229702753
0.11111124054147305
0.1054780295199206
0.11084015144312236
0.10769281371156599
0.10266535749504185
0.2345263609808492
0.10798872614320533
0.11231986711514962
0.10549821402596798
0.14700626600643554
0.18005932934181051
0.11353340629466879
0.11009690850739211
0.10824165316305856
0.10687271660575186
0.10337768298711368
0.11266731281360826
0.10271387143341094
0.10296119626081884
0.10479702947339317
0.10322981702102689
0.10204140951315269
0.10308416681349654
0.10229038274074263
0.10199108221607427
0.10438001065080253
0.10270554870260086
0.10181688020409332
0.10537266527395282
0.10684348980138672
0.10391667531110634
0.10348506371961527
0.11414319632011685
0.10178811095508698
0.10160178685133191
0.10555746719865547
0.1016685502587714
0.10132598073484671
0.10107833853128423
0.10158233723144557
0.10124497504800326
0.10230418127297351
0.10292410470542478
0.10184861092809298
0.14735876206948237
0.11181907066608784
0.10222506943690671
0.10124696646555893
0.101112853117463
0.10136592502310728
0.10103870051344038
0.10204576536535996
0.11021291007875562
0.1028609307355781
0.10084398672241261
0.10218043423565579
0.10047900293783642
0.1005189901718986
0.10048929443789277
0.10173933901499034
0.10553532498274482
0.10008975743611397
0.09996941678736232
0.1015140169170596
0.10471682204595388
0.10135261215539741
0.10011173974355692
0.11207035959945665
0.10551606346327573
0.10061025017384746
0.1004389464322325
0.09968187905548542
0.09955079927491695
0.10184559318586674
0.0997335865475729
0.10268100345180564
0.09934250205669598
0.09933479638002378
0.10013253187940505
0.0992258828409919
0.10066784157023324
0.10250455445421046
0.09941574822634824
0.12448874942269139
0.1017107811276342
0.10019433941038619
0.09946350656367804
0.10167606759810242
0.10400475750662691
0.10007668405679987
0.09905379608264413
0.09872136378048722
0.10936606184794426
0.09909277982744712
0.09895098632938905
0.11045604348903675
0.09880440563255678
0.09873377901871734
0.09846219231941096
0.09899287826044754
0.09950896415396623
0.13423254069280968
0.09881423255718451
0.10878235267262615
0.09941080861467673
0.09856249444104474
0.10186819302586556
0.10400501167871064
0.1023382302572265
0.09834748185307166
0.09807836725647427
0.1022679699445914
0.09828249893124297
0.0985668768011119
0.09785292290035082
0.0978980451018325
0.09799316257001421
0.0979195459523254
0.10044781217441981
0.10125418764031771
0.0982607571422369
0.09755811749226143
0.10635550172785863
0.09811752558251692
0.0973559259134795
0.09754554452953555
0.12351202861585518
0.10798100300242407
0.09794861064542365
0.09776040613818877
0.09698205723767754
0.10166342140501085
0.09713350159896422
0.09696478205729991
0.14026970866992874
0.09973866665170385
0.09884976852544919
0.10075225895808157
0.09683098563824605
0.09726098707584409
0.09836099135823193
0.09716867849875097
0.09705023539348426
0.10175319688058386
0.10964033402227182
0.09785986153184646
0.09644052815315715
0.09694372286366462
0.09629172475604562
0.09648112069083835
0.11275408382860416
0.09623987793762472
0.09773712572462004
0.15763386981050828
0.10615976473920263
0.09828536791677069
0.09700122718840538
0.1011887632772759
0.09616700402534119
0.09985234863800585
0.09632945473420221
0.09664807858965077
0.10054329287995221
0.09708788434091356
0.09593119660206761
0.09569270256153946
0.0956283439777362
0.0954792235055876
0.09604370844738601
0.09749577206638238
0.09569003168251125
0.10137921413130144
0.11866655387291952
0.09667271195619827
0.10078504136842635
0.09530201630537986
0.09629027120595347
0.0960494385273307
0.09603741511605726
0.09619207064979837
0.09494553679608216
0.09509352792453818
0.10333282066797074
0.09480530193671938
0.10195631417359144
0.09526295571591822
0.09454784293949464
0.09729785013476919
0.09457012840249526
0.09482725811321502
0.0959143017494723
0.09431118900790934
0.0964057508778673
0.09454528596274059
0.09554700010548614
0.09547717906973315
0.09510709682717143
0.0942337281251802
0.0980773864042646
0.09604052653313716
0.09823278510265122
0.09428787157170368
0.10911052261893757
0.12834844937146275
0.09437146331063398
0.09802294381780122
0.10695633378297807
0.09930820523055915
0.09406757365480695
0.09572828695550746
0.15119839468813143
0.09828469901037598
0.09490347429110373
0.09538017879464553
0.09619778877984292
0.0963118492726142
0.09528841029552294
0.09500652618832599
0.09393353461554689
0.09366709376260904
0.09342044054548698
0.09342885574582524
0.09413067953915949
0.09633219945227252
0.09404341229825258
0.10522011863975586
0.09753612143133758
0.09498230774370828
0.09328905026682108
0.09371686489108969
0.0932495726035225
0.10449137107649804
0.13079614802649298
0.09850864774590967
0.09302875628368354
0.09318552529041342
0.09463457415587125
0.09393031765034746
0.09531667733586943
0.09988906017803591
0.09284725719269973
0.09246248749842026
0.09281168864199883
0.0928061685449919
0.09317748449261622
0.09230444322569364
0.09514452789684999
0.09477800288884065
0.09381961288259384
0.09532086464894052
0.09280932891100287
0.09225516675759816
0.09227765634112946
0.09621446418041531
0.0994171475071943
0.09365551022694603
0.09235557546437889
0.09323024339392638
0.09193945729704793
0.09208421317169385
0.0992470424146151
0.09216338356605422
0.09265297384621082
0.09146261139356682
0.09156535887489657
0.10622453496625898
0.09193681653476683
0.09150817286316615
0.09139766098100544
0.09124930361819478
0.09277648129767929
0.09240237029134445
0.0911131369808049
0.09177287394676263
0.09095436405414561
0.09401242858954668
0.09096451903286032
0.09125912679038159
0.09134872223887477
0.09755299612014327
0.0941692324818902
0.12673029341193082
0.09563097623769339
0.09451867309056802
0.0936198573653857
0.09297656668092195
0.0937947363497504
0.09358742998969252
0.09206622780181803
0.09179104971590285
0.1037821206472045
0.09260571834446589
0.09224426151332432
0.09514174333657668
0.0920835616801513
0.0918895028285985
0.09121026159454211
0.11754513532156721
0.0932838971684063
0.0983130735788514
0.0919448868673122
0.09177654177993255
0.0928650647243429
0.09144184822716679
0.09811308684086703
0.09217721129358127
0.09216904387226217
0.09083955979493596
0.09038380365671247
0.09531538298466408
0.09486071758883005
0.09191795926805475
0.09048543784409144
0.09069356844235167
0.09002571968634471
0.08991376806729223
0.08995931897936967
0.09016040208200997
0.09025658718759393
0.13070944305784166
0.09129651340436694
0.09197225663755329
0.09035134975073089
0.08977095683398816
0.08972767251063234
0.09309833566118582
0.09257521041348335
0.08961028228896234
0.08980085273346881
0.0892495210584686
0.09069546843164154
0.08999209426737194
0.08969474011463008
0.08895965689372515
0.0901508535267501
0.09258842082155018
0.09000580286934463
0.08878588466059492
0.08871460053512563
0.09164461147381323
0.0886576855000966
0.09004139815683719
0.08855672344101743
0.09020211109577221
0.09080286370015649
0.09008878352508345
0.08979243273943534
0.09135805144254869
0.09276342290381592
0.09479168311409406
0.0923195245691858
0.08837361007024795
0.08866518476615352
0.0884057544100109
0.08842660333613275
0.09029650972165006
0.08846879420643053
0.08817967470840402
0.09063218307713572
0.08939975730437615
0.08787585282441053
0.08790499973854159
0.09257087431042997
0.08873070894907495
0.09193336277223947
0.08783974351643627
0.08774727183636818
0.08971854996536888
0.08767600706940795
0.087569596767933
0.08780963493987347
0.09339477416389383
0.08752904635509505
0.08836132214797772
0.08882983841849224
0.08750230333817886
0.0872892671919534
0.08791898161428544
0.09505095567366087
0.08790883590833797
0.08718968337303329
0.08744494248139262
0.09071987734577543
0.0883086530456674
0.08707513890849733
0.08968405120008564
0.08788716234504315
0.08686188452924364
0.08983680289890682
0.08893502918489356
0.09344256221434526
0.10175837650279046
0.10268423496676639
0.09187013752682166
0.09249860565473045
0.08669447235105994
0.08683141242754719
0.08973744770064858
0.08782729240467882
0.08827363321297353
0.08625914260208424
0.08935868932176677
0.08634854749610898
0.08634464836216818
0.09054017907842454
0.08661590026199975
0.08598841129922505
0.08659378142932152
0.08594492336684231
0.08724318765770556
0.0859764306203607
0.08743878497134616
0.09346680878732382
0.08875783765154047
0.0868840976478596
0.08569159286764143
0.08569528543251805
0.08611284267172506
0.08554005171055924
0.086830749326913
0.08739549727149262
0.09347255071426419
0.08669340089865334
0.08547582543360945
0.08669088220046267
0.08604587078630438
0.0898729895632161
0.08557480220235093
0.08536680750158361
0.09041792388940535
0.08566678531497854
0.0853078336655378
0.08517657190968399
0.08551716417986309
0.09029181869497574
0.08671061143907026
0.08666022909143474
0.08568862728940897
0.09019273590476395
0.08674060641183617
0.08687087332099652
0.08497731545884714
0.08795638430515432
0.0852291212361686
0.08550712517187632
0.08459834072039578
0.08541020219900866
0.08560464431914154
0.08709608168611452
0.08916502003419124
0.08859322306718637
0.08442213797588782
0.08431885201174326
0.08627089618035619
0.08609492379246157
0.08480241909357801
0.08717513588973631
0.08579552455237545
0.08664381955931436
0.08978964267895499
0.0846451974678243
0.09047037290837645
0.08472688421064671
0.0839917991338302
0.08431792826241986
0.08389589766816125
0.08388385315666383
0.08638389936250901
0.08383211718908486
0.08447638267287501
0.0885809754118792
0.0837803884401002
0.08394823404781904
0.08367667472313256
0.08416207506327254
0.08382515980802492
0.08370254554351339
0.08757679344605282
0.0837751448962417
0.0833701286773956
0.08340416913770395
0.08376414352332483
0.08329207570287323
0.08328067822694296
0.0838403366287313
0.09090568237843671
0.08750227353495008
0.08725596342172119
0.08402907910449871
0.14334068873001152
0.08836733673825381
0.08467959111450461
0.09170393477821931
0.08409706345258222
0.083251436668178
0.08333509934226971
0.0856928150622376
0.08327898227645734
0.08303647449725307
0.08430734432619054
0.08271796803129272
0.08287492617073004
0.08259100493986538
0.08259631034674025
0.08252767124359678
0.08245287704328391
0.08308243010625205
0.0845538129583953
0.08481481654013333
0.08253441450540035
0.08256291742337472
0.08241096881369842
0.08640507973170825
0.09068698350384928
0.08228456696720587
0.08223799573999258
0.083303297196105
0.08713740751536066
0.08260766009309503
0.08238519951542034
0.08200838153009614
0.08224853754139709
0.08355724254338713
0.08341525057255404
0.08195100580782241
0.08314602181172537
0.08397312703143107
0.08568974887528026
0.14012090602564026
0.09181442436194098
0.0823930780931965
0.17923226829889488
0.0838601674008316
0.08307620081030442
0.08312573582533592
0.08234701203772063
0.08334929643397443
0.08261842476833926
0.09003826782642169
0.08199374163771456
0.08291649241463168
0.08208834645338359
0.08417074741397829
0.08274328744028676
0.08249042987078431
0.08262589718842017
0.081786729382174
0.08750494047900668
0.08173494543342988
0.08165255720136814
0.0814804069805078
0.0816281567101842
0.08135717217140498
0.08294867392791384
0.08332878327002491
0.08136812808479248
0.08113839061701461
0.08117016695557301
0.08115882806126488
0.08123488765796938
0.0809736419350852
0.08105960297844282
0.08085608483165023
0.08222554368814142
0.08142620852964023
0.08099651531890545
0.14516294650069722
0.08840166679401476
0.08643302995599578
0.08642312356538494
0.08726472328106046
0.08384313222809262
0.08317562634645514
0.0854777563951053
0.08407997920742966
0.08245598454702106
0.08329279426421175
0.08215235937223812
0.08264085105879859
0.08458623040239845
0.08169085494086638
0.08560031828011147
0.0813725762624831
0.08130688710698923
0.08263931848249648
0.08189620078021696
0.0807414224653781
0.08232251299970013
0.08156969254375976
0.08232127909900604
0.08652598295017622
0.08167598823561241
0.132339352570014
0.08560890113243715
0.08035189036256193
0.08114531803392323
0.08295915977423736
0.08157690741062897
0.08330540409627644
0.12024714527433308
0.09143505951217103
0.08143689931799045
0.08336365447316169
0.08408291505556931
0.08117952365493883
0.08006817546516472
0.0836771052603627
0.08139029934145199
0.07955420386668834
0.08279297222396113
0.07942519803728745
0.07988014154500554
0.07943037168167254
0.07927038637870551
0.08077711745766727
0.07928865970937962
0.0791703529035238
0.08627672325692937
0.07919483067353587
0.07903916083745868
0.08005394455665349
0.0804782216916417
0.07930064388943224
0.07900451138635214
0.07893323011887614
0.08203664079451829
0.0834250416151913
0.08678942658941803
0.08062212653486449
0.07963226042311601
0.07929530924336681
0.07868027124660795
0.07974282735348831
0.07861009961181899
0.08152413234205774
0.07860380036811258
0.07917830289681209
0.07862101824621988
0.07881351453071145
0.1286373273826095
0.08613233313159632
0.07946067605992235
0.07966147964815286
0.07921600835993256
0.07954615895264505
0.07837178656085315
0.08017451339501491
0.08991676642047683
0.08007769169813324
0.07856383315199718
0.0781924935992293
0.07851837997283606
0.07798792503482589
0.07812530458691426
0.07802722244772262
0.07801640300962136
0.07914310783836345
0.08046360458144529
0.08021060528591506
0.07787509661621772
0.07761486813541024
0.07804033837293098
0.07890438272020116
0.07751691379288381
0.0779769641272397
0.07797524563302564
0.0774273952669871
0.07980477116436038
0.0790356827171704
0.07744950310407865
0.07749444959161915
0.07826916589736893
0.13264633012289612
0.08312578935762181
0.08030435600457328
0.08683769230944156
0.0802318338779146
0.07742405722916608
0.07878575062758596
0.07798485601433156
0.07836952963363461
0.0773249506851379
0.07761174420819966
0.080088271137957
0.07709067845381938
0.07696109110857605
0.0980278379417378
0.077818912090295
0.08264857796380198
0.07721681333949588
0.07675292747258175
0.07839536699024593
0.07679040239956812
0.07659429470803761
0.07757421066359194
0.12460233955329068
0.08010423805191837
0.07757644748404827
0.07860252845322283
0.08100078787052511
0.08663643390747054
0.07711215193316748
0.08214057127145984
0.07672101840235347
0.0777937983626269
0.0794301353599943
0.07623687682558676
0.07635861735647315
0.07929220962166045
0.07935268025998084
0.07603496605857292
0.07823194216290927
0.0763866533039278
0.0766790131601932
0.07733008250003354
0.08978719734823468
0.07615053513095744
0.07665400228163166
0.07587449049751632
0.07586444100030776
0.07591802204507449
0.07603133364630137
0.07817897267230448
0.07574061621456302
0.08603083575475302
0.07614173709712359
0.07694125145045001
0.09403615028322182
0.08033764574778791
0.07673367087717871
0.0759081435085631
0.07543623984743768
0.07533937142392405
0.09570091411466529
0.0756008262781411
0.07546056702355441
0.07730502016440963
0.07558760833614796
0.07518632756446311
0.07735132920510698
0.07567697444436859
0.07512893330269406
0.07503903850198097
0.07560638007908278
0.0755898926607695
0.07735302925762581
0.07632246262064855
0.07680926811568098
0.07492707480211935
0.1240330649180593
0.07963855080679945
0.07652056107234141
0.08023266703843837
0.07554975953407601
0.07601003562464936
0.07500147720661789
0.07495516788596966
0.0747113621665694
0.07487265975361734
0.07776674833995353
0.07457052280707191
0.07475819664122224
0.07444693555282758
0.07641711183464187
0.07793621544176396
0.07446792929322632
0.07455251759439438
0.07435579073309101
0.08236230087178291
0.07433892342917751
0.07605777694108036
0.0743407623278886
0.07414961189617793
0.07436775908727136
0.07420380756878539
0.07415633872780136
0.07425828101443237
0.07457453620000191
0.07395061098850633
0.07573386617837798
0.07409694129766818
0.07385521221055694
0.07492413312087509
0.07444962762430414
0.07382200650258867
0.07423073949397407
0.07693305583827831
0.07609446017232722
0.083709167963579
0.07432227325449425
0.07368881457871321
0.07361790654867138
0.0767251240322176
0.07395903452446165
0.07467596317269369
0.07341981431152982
0.07358234465755259
0.07338240576580561
0.07748822242043969
0.0732914935995944
0.07334867191384932
0.07325559074019887
0.07341583176708263
0.07315637836269817
0.0731135768041525
0.0758367643772079
0.07361420475758709
0.0730192303892895
0.07311308473498021
0.07410359522111053
0.07317693829121714
0.07402062605558844
0.07334686740172115
0.074153443019398
0.07658627273446492
0.07331905634855117
0.07391425453479833
0.07977148926154602
0.07282346676710728
0.07331615539289063
0.07271901896806067
0.07291825448840317
0.07597434661775887
0.0726003113629842
0.07329644394822649
0.07251943377385568
0.07477562554782682
0.07414133398420497
0.0736639066131419
0.07554825789801997
0.07266017507911485
0.0737828524760423
0.072586128422987
0.07580545665478661
0.07245636604083376
0.07613498382431912
0.07324278749896253
0.07231576507338246
0.07329118541488308
0.0720997947005374
0.07376114716727088
0.07673011456802455
0.07332699535257874
0.07250063101313735
0.07286092596813327
0.07383790888146967
0.07225369758189067
0.07203720169901023
0.07195063984840355
